cn,jaccard,adamic_adar
9.813739234928901,1.722411375926297,10.674944922892049
10.294412177047867,1.0414580412577608,10.815141197676747
9.893851391948727,1.70238333667134,10.614860805127178
9.833767274183858,1.1415982375325455,10.234328059282996
10.27438413779291,1.1415982375325455,10.715001001401962
9.833767274183858,1.021430002002804,10.414580412577608
9.733627077909073,0.9413178449829762,10.494692569597436
10.454636491087523,1.0414580412577608,11.05547766873623
9.75365511716403,1.001401962747847,10.454636491087523
8.972561586220708,1.2016823552974163,9.693570999399158
9.853795313438814,0.9813739234928901,10.47466453034248
10.234328059282996,1.321850590827158,11.295814139795715
10.01401962747847,1.1415982375325455,10.574804726617264
10.174243941518125,0.9813739234928901,10.93530943320649
9.833767274183858,1.5221309833767274,10.294412177047867
9.713599038654115,0.9813739234928901,10.174243941518125
9.55337472461446,0.9813739234928901,10.314440216302824
9.733627077909073,0.9613458842379331,10.514720608852393
10.134187863008211,1.0414580412577608,10.875225315441618
9.893851391948727,0.9613458842379331,10.835169236931705
9.192870018025236,0.9413178449829762,9.833767274183858
10.194271980773083,1.0414580412577608,10.694972962147006
9.673542960144202,0.8612056879631484,10.294412177047867
9.853795313438814,1.3819347085920288,10.21430002002804
9.573402763869417,1.0614860805127178,9.773683156418986
10.47466453034248,1.5021029441217706,11.19567394352093
10.394552373322652,1.0614860805127178,10.99539355097136
9.272982175045064,1.0815141197676748,10.034047666733427
10.47466453034248,0.7610654916883637,10.955337472461446
10.835169236931705,1.321850590827158,11.576206689365112
9.733627077909073,1.3819347085920288,10.755057079911877
9.853795313438814,1.1015421590226318,10.33446825555778
9.433206489084718,1.3819347085920288,10.21430002002804
10.314440216302824,0.9413178449829762,11.135589825756059
10.034047666733427,1.3619066693370718,10.73502904065692
10.174243941518125,0.8612056879631484,10.634888844382134
10.33446825555778,1.6222711796515121,11.095533747246144
10.254356098537952,1.001401962747847,10.99539355097136
10.614860805127178,0.8812337272181053,11.015421590226318
10.955337472461446,1.3819347085920288,11.896655317444422
10.27438413779291,0.7810935309433207,10.715001001401962
10.294412177047867,1.6022431403965551,10.875225315441618
9.252954135790105,1.001401962747847,9.87382335269377
9.75365511716403,0.9212898057280192,10.33446825555778
9.713599038654115,1.0815141197676748,10.514720608852393
9.913879431203686,1.1415982375325455,10.855197276186662
10.034047666733427,1.2217103945523733,10.73502904065692
10.33446825555778,1.9427198077308232,10.915281393951533
9.733627077909073,1.301822551572201,10.314440216302824
10.01401962747847,1.281794512317244,10.835169236931705
